0
0
0
0
0
0
0
0
0
0
0
0.00666678
0.060001
0.173336
0.540009
-0.0266671
-0.20667
-0.406674
-0.713345
-0.833347
-0.933349
-1.04668
-0.980017
-0.800014
-0.686678
-0.526676
-0.443341
-0.360006
-0.20667
-0.140002
-0.0733346
-0.00666678
0.060001
0.173336
0.313339
0.400007
0.433341
0.39334
0.293338
0.18667
0.0800014
0.0400007
0.060001
0.0733346
0.0933349
0.113335
0.126669
0.100002
0.0666678
0.0400007
0.0200003
0.0200003
-0.0400007
-0.0266671
-0.00666678
0
0
0
0
0
0
0
0
0
0
0
0
0
0
0
0
0
0
0
0
0
0
0
0
0
0
0
0
0
0
0
0
0
0
0
0
0
0
0
0
0
0
0
0
0
